author;paper
39134;2792419
48863;2792485
48741;2792497
48834;2792497
48900;2792513
42922;2792513
48948;2792551
48967;2792570
232844;6102553
251670;6102553
512682;6102553
16406;6102553
251764;6102560
251765;6102560
79700;6102563
513447;6102563
110295;6102563
251839;6102564
270522;6102564
133954;6102564
84078;6102564
2126541;6102569
508453;6102569
192849;6102569
252967;6102571
2126542;6102571
30583;6102571
30289;6102572
257491;6102572
515569;6102572
52129;6102572
254934;6102572
255376;6102573
259714;6102573
255375;6102573
113852;6102573
110295;6102573
1326773;6102575
2126543;6102575
829233;6102575
2126545;6102578
253747;6102578
252101;6102585
257232;6102585
854666;6102590
254480;6102590
81729;6102590
83493;6102590
30291;6102590
1155809;6102594
257660;6102594
82726;6102594
255331;6102594
256504;6102594
79802;6102594
852070;6102599
44189;6102599
504887;6102603
181259;6102603
181260;6102603
718033;6102609
348135;6102609
20881;6102609
58022;6102609
1870713;6102609
2126553;6102617
45315;6102617
253007;6102617
139698;6102620
79746;6102620
139706;6102626
252641;6102639
140656;6102639
192734;6102639
140659;6102639
508229;6102641
314766;6102641
257444;6102641
508230;6102641
252688;6102646
252689;6102646
184541;6102646
181499;6102646
506001;6102647
1178679;6102647
506001;6102648
260425;6102648
255042;6102651
255041;6102651
1426091;6102651
183868;6102651
254784;6102651
252449;6102651
508256;6102652
252056;6102652
253636;6102652
1586444;6102656
906853;6102656
255031;6102656
139543;6102660
254934;6102660
508439;6102670
45315;6102670
366141;6102671
254934;6102671
80983;6102671
79843;6102671
508451;6102672
252137;6102672
252138;6102672
474512;6102682
40226;6102682
30669;6102682
30670;6102682
24681;6102685
252507;6102685
510323;6102685
252508;6102685
508567;6102692
465126;6102692
465127;6102692
2126560;6102693
510611;6102693
511650;6102693
1125209;6102693
284414;6102693
83132;6102693
2126560;6102694
510611;6102694
511650;6102694
1125209;6102694
83132;6102694
2126560;6102695
511650;6102695
1125209;6102695
284414;6102695
253183;6102706
139808;6102706
2126561;6102706
248247;6102723
243954;6102723
2126565;6102724
139972;6102724
508779;6102726
181770;6102726
181859;6102726
508779;6102727
181770;6102727
181859;6102727
80482;6102729
79824;6102729
79823;6102729
83364;6102729
852592;6102741
254048;6102741
257311;6102741
254049;6102741
104301;6102741
2126568;6102745
256310;6102745
254263;6102745
880239;6102746
82258;6102746
935686;6102746
2126569;6102746
258022;6102746
2126570;6102750
508994;6102751
248244;6102751
2126571;6102754
2126572;6102756
513344;6102756
23422;6102756
82273;6102756
954582;6102758
125723;6102758
2126574;6102764
508415;6102764
192625;6102764
253972;6102781
80869;6102781
80654;6102781
2126579;6102788
857733;6102788
258541;6102788
80812;6102793
181029;6102793
248073;6102793
182332;6102793
509371;6102806
192486;6102806
509385;6102808
251715;6102808
20377;6102808
1438024;6102812
81956;6102812
508297;6102814
192693;6102814
259028;6102814
1659568;6102827
921154;6102827
1061036;6102827
95419;6102827
81413;6102827
191116;6102828
80444;6102828
82430;6102828
253234;6102828
254497;6102830
181648;6102830
181650;6102830
254500;6102837
141051;6102837
508217;6102843
252607;6102843
853299;6102843
507529;6102843
253166;6102846
223729;6102846
853071;6102851
507927;6102851
510271;6102851
369035;6102851
20722;6102860
229626;6102860
2126590;6102860
81471;6102860
2126591;6102864
192830;6102864
37672;6102864
181360;6102864
252137;6102867
1529648;6102867
110293;6102867
110295;6102867
252138;6102867
2126593;6102869
507452;6102869
853157;6102872
473302;6102872
247801;6102875
251570;6102875
2126597;6102877
1120211;6102877
259733;6102877
80142;6102877
299132;6102877
223719;6102877
41106;6102892
254965;6102892
254718;6102892
254719;6102892
509820;6102895
97874;6102895
255063;6102905
366156;6102905
83670;6102905
36381;6102905
255063;6102906
83670;6102906
36381;6102906
508181;6102908
507485;6102908
456529;6102910
257103;6102910
193470;6102910
33028;6102910
83902;6102926
256334;6102926
507652;6102926
80739;6102926
2126610;6102930
257924;6102930
509198;6102930
79766;6102930
2126611;6102932
256550;6102932
2126612;6102932
2126613;6102932
255344;6102943
255345;6102943
192790;6102943
2126621;6102949
46808;6102949
255433;6102951
251599;6102951
2126622;6102953
2126623;6102953
507988;6102953
244218;6102953
83844;6102953
853424;6102958
258193;6102958
79622;6102958
2126625;6102972
81034;6102972
139720;6102972
578733;6102973
248084;6102973
510248;6102974
258313;6102974
2126626;6102980
83936;6102980
175521;6102983
82664;6102983
192498;6102983
41077;6102985
45315;6102985
81974;6102985
256592;6102993
256591;6102993
256589;6102993
192622;6102997
2126629;6102997
84100;6102997
1409955;6103005
83532;6103005
81951;6103005
2126633;6103007
334281;6103007
510364;6103012
192830;6103012
251570;6103012
260053;6103024
9678;6103024
116712;6103024
139829;6103024
605296;6103024
510450;6103027
249040;6103027
493665;6103027
510467;6103028
79622;6103028
206396;6103033
70980;6103033
192617;6103033
255994;6103036
2126640;6103036
141212;6103036
2126641;6103036
253617;6103043
139918;6103043
1407909;6103044
131528;6103044
257363;6103044
256051;6103047
251651;6103047
2126645;6103048
79650;6103048
2126646;6103048
254244;6103048
79649;6103048
510568;6103050
254063;6103050
226671;6103071
253581;6103074
165374;6103080
1154248;6103080
954116;6103080
1922012;6103080
256420;6103084
79895;6103084
79897;6103084
2126655;6103085
251922;6103085
510922;6103097
509861;6103097
2126660;6103097
80475;6103097
148395;6103099
248539;6103099
340564;6103114
251918;6103114
81534;6103114
251919;6103114
11932;6103114
81535;6103114
329408;6103115
164310;6103115
244026;6103115
141410;6103115
60684;6103118
253541;6103118
2126662;6103121
1033;6103121
809017;6103124
84286;6103124
255887;6103124
511063;6103126
128910;6103126
1714533;6103126
2558;6103126
80787;6103126
206848;6103130
509787;6103130
852441;6103130
1302745;6103141
80206;6103141
252376;6103141
333386;6103141
98036;6103141
938616;6103147
82487;6103147
140250;6103147
252567;6103148
140600;6103148
140078;6103148
256892;6103150
2126666;6103150
140048;6103150
81176;6103150
2126669;6103162
248811;6103162
507896;6103166
253768;6103166
2126670;6103166
80774;6103166
257185;6103174
257219;6103174
30706;6103174
45305;6103174
1529670;6103188
507785;6103188
247801;6103188
8876;6103188
511370;6103192
81155;6103192
80596;6103192
1953460;6103193
192574;6103193
192573;6103193
80162;6103193
333996;6103195
511382;6103195
243182;6103195
125941;6103195
145176;6103195
20552;6103195
508456;6103196
255090;6103196
139797;6103196
257427;6103214
512240;6103214
182999;6103214
37673;6103214
511484;6103216
97726;6103216
257430;6103217
82327;6103217
247252;6103217
1101645;6103217
487250;6103219
80430;6103219
192514;6103219
511542;6103228
192618;6103228
192573;6103228
80162;6103228
192574;6103228
851927;6103229
505340;6103229
83487;6103229
30289;6103229
511589;6103233
30397;6103233
14038;6103233
30366;6103234
1705480;6103242
29868;6103242
1529655;6103245
140276;6103245
2126684;6103246
1175202;6103246
2126685;6103246
81100;6103246
140677;6103250
140678;6103250
82664;6103257
184427;6103257
8431;6103257
717793;6103276
255344;6103276
256974;6103276
255917;6103276
192790;6103276
257901;6103277
219825;6103277
2126690;6103278
252962;6103278
854467;6103280
82847;6103280
416171;6103280
257491;6103280
257153;6103281
246197;6103281
79668;6103281
252602;6103290
2126639;6103290
80430;6103290
79669;6103292
79878;6103292
875305;6103292
508133;6103293
510112;6103309
252605;6103309
252604;6103309
1252458;6103309
82026;6103309
512143;6103317
83008;6103317
181440;6103317
251924;6103317
509618;6103323
509168;6103323
33028;6103323
82579;6103323
1079536;6103339
185679;6103339
181888;6103339
182332;6103339
2126701;6103342
1236557;6103342
258499;6103344
182201;6103344
248364;6103344
183104;6103344
1620885;6103355
114939;6103355
408225;6103355
258464;6103356
255334;6103356
82645;6103356
80254;6103356
206922;6103364
81412;6103364
81413;6103364
110293;6103375
110295;6103375
769548;6103389
253037;6103389
252010;6103389
1551284;6103409
299069;6103409
511707;6103409
43770;6103409
258968;6103410
83290;6103410
259058;6103420
9679;6103420
2126715;6103433
253599;6103433
82156;6103433
2126717;6103435
2126718;6103435
2126719;6103436
513310;6103436
192486;6103436
98036;6103436
2126724;6103447
83753;6103447
243357;6103447
2126726;6103452
184119;6103452
192714;6103452
259282;6103453
248986;6103456
1953934;6103459
233875;6103459
255177;6103462
192646;6103462
110295;6103462
259347;6103466
192632;6103466
9679;6103466
2126728;6103472
140656;6103472
140659;6103472
512893;6103473
252922;6103473
140656;6103473
140659;6103473
855171;6103475
257940;6103475
253648;6103475
259457;6103477
140078;6103477
853244;6103479
1598592;6103479
603621;6103479
83132;6103479
185226;6103480
97199;6103480
259499;6103486
244450;6103486
97582;6103486
82337;6103489
507497;6103489
82336;6103489
32762;6103489
2126730;6103490
510319;6103490
81100;6103490
259540;6103492
509861;6103492
510922;6103492
252576;6103492
131609;6103492
80475;6103492
141117;6103494
256199;6103502
509644;6103502
54320;6103502
183893;6103502
30447;6103502
259632;6103503
251742;6103503
509040;6103506
114357;6103506
249059;6103509
1033;6103509
259705;6103511
79742;6103511
79839;6103511
259714;6103513
513064;6103513
110367;6103513
8876;6103513
110295;6103513
258274;6103533
97532;6103533
258152;6103571
1501138;6103571
2126753;6103571
2126754;6103571
641337;6103571
251579;6103571
513310;6103574
513311;6103577
2126757;6103577
243357;6103577
260219;6103588
260303;6103596
44089;6103596
1261525;6103598
1261526;6103598
252284;6103598
252678;6103598
80848;6103606
513524;6103608
83884;6103608
141068;6103608
182304;6103608
107035;6103614
513545;6103614
170276;6103614
299352;6103622
82644;6103622
592158;6103622
83484;6103622
81546;6103622
251632;6103626
251633;6103626
66558;6103633
192788;6103633
854834;6103633
260607;6103635
141212;6103635
9679;6103635
260629;6103638
251658;6103638
334900;6103643
97987;6103643
224093;6103643
2126765;6103652
1252021;6103652
513740;6103657
507575;6103657
260780;6103661
510577;6103661
80639;6103661
82231;6103661
256474;6103668
334683;6103668
97694;6103677
260984;6103684
252352;6103684
513866;6103688
33291;6103688
33061;6103688
1865512;6282235
129291;6282235
115099;6282235
893453;6534177
1167629;6593659
1136989;7777724
1700267;7777724
493369;7777724
34013;7777724
98587;7778859
327076;7778859
98960;7778859
98512;7778859
1136493;7779368
91986;7779368
85820;7779368
36188;7779368
75180;7779368
89455;7779368
593342;7780133
564687;7780133
98932;7780133
1137531;7781489
85820;7781489
959030;7781489
101782;7781489
681765;7781489
747480;7781725
347756;7781725
179361;7781725
126615;7781725
1008842;7781986
540659;7781986
91114;7781986
67344;7781986
7970;7781986
92076;7781986
